2.004
8.352
11.281
9.328
4.445
0.051
-2.391
-1.414
1.516
5.422
7.863
7.863
5.91
3.469
2.981
3.957
4.934
4.445
3.469
2.981
4.445
6.887
7.863
4.445
-1.414
-5.809
-6.297
-2.391
2.004
2.981
0.051
-3.367
-4.344
-2.391
-0.437
-1.414
-6.297
-10.691
-11.18
-6.297
0.539
4.445
4.445
2.492
1.516
3.469
6.399
6.887
3.469
-1.902
-4.344
-1.902
2.981
6.399
6.399
2.492
-0.437
-0.437
2.004
3.957
2.981
0.051
-1.902
-0.437
2.981
6.399
5.91
2.004
-2.879
-5.32
-4.832
-2.879
-1.902
-2.879
-3.855
-3.855
-2.391
-0.437
-0.926
-3.855
-6.785
-8.738
-8.25
-6.785
-4.344
-3.855
-4.344
-6.297
-7.273
-6.785
-4.344
-1.902
-0.437
-0.926
-2.391
-3.367
-3.855
-3.367
-3.855
-4.832
-5.32
-4.832
-3.367
-0.437
0.539
0.539
-1.902
-4.344
-5.809
-6.297
-5.809
-5.32
-4.832
-5.32
-7.273
-9.226
-10.203
-11.18
-10.691
-9.715
-9.226
-8.25
-7.273
-7.273
-8.25
-10.203
-12.644
-14.109
-13.621
-11.668
-9.715
-9.226
-11.18
-13.621
-15.574
-15.574
-14.109
-13.133
-12.644
-13.133
-13.133
-12.156
-9.715
-7.762
-7.762
-10.691
-15.086
-18.504
-19.969
-18.992
-17.527
-17.527
-18.504
-19.969
-20.457
-18.992
-16.062
-13.621
-11.668
-11.18
-11.668
-11.668
-10.203
-7.762
-4.344
-1.902
-1.902
-4.344
-7.273
-9.715
-9.715
-8.25
-6.297
-4.344
-2.879
-0.926
0.051
-0.437
-2.879
-4.832
-4.344
0.051
5.91
9.328
7.863
3.469
0.539
0.539
2.981
4.445
2.981
0.051
-0.437
2.004
6.887
10.305
9.816
6.399
2.981
2.492
3.469
4.934
4.934
4.445
4.445
5.422
7.375
8.352
7.375
5.422
3.957
4.445
6.399
8.352
10.305
10.305
9.816
8.352
7.375
4.445
1.516
-0.926
-0.926
1.027
3.469
5.422
5.422
3.469
2.004
1.027
2.004
2.004
0.539
-1.414
-3.367
-4.344
-3.367
-1.902
-0.926
-0.437
-0.437
-0.926
-0.437
0.051
0.051
-0.437
-1.902
-3.367
-3.367
-1.414
1.027
4.445
7.375
10.793
13.723
14.699
