-0.285
3.133
5.086
5.086
3.133
1.18
0.203
1.18
3.621
5.086
4.11
1.18
-2.238
-3.703
-2.238
1.668
6.063
8.993
9.969
9.481
8.016
4.598
0.692
-3.215
-5.168
-4.191
-1.75
0.203
0.203
-2.726
-5.168
-5.656
-3.215
-0.773
-0.773
-3.215
-5.656
-5.656
-2.238
0.203
0.203
-2.726
-4.679
-2.238
4.598
12.41
14.852
10.457
2.157
-5.656
-8.097
-6.632
-3.703
-2.238
-1.261
1.668
7.039
12.41
13.387
7.039
-3.703
-11.515
-12.492
-5.168
4.11
9.481
9.481
5.086
0.203
-3.703
-6.632
-9.562
-12.004
-12.004
-7.121
1.668
8.504
9.481
3.621
-5.168
-11.515
-11.515
-6.632
-1.261
0.203
-3.703
-9.074
-12.004
-10.05
-5.168
-0.285
1.668
0.203
-1.261
-2.726
-3.703
-5.656
-8.097
-9.562
-8.586
-6.632
-4.679
-4.679
-4.679
-2.726
0.203
1.668
-1.261
-7.121
-12.492
-12.492
-7.609
-2.726
-2.726
-7.609
-13.468
-15.422
-13.957
-12.004
-12.98
-14.933
-14.933
-11.027
-5.656
-2.726
-5.656
-12.004
-16.886
-16.886
-13.468
-10.05
-9.074
-11.027
-13.957
-14.933
-15.422
-15.422
-15.422
-15.422
-14.445
-12.492
-10.05
-8.097
-8.586
-10.539
-15.91
-21.281
-25.675
-25.675
-21.281
-13.957
-8.586
-8.586
-14.933
-23.722
-29.093
-29.582
-24.211
-17.863
-12.492
-10.05
-7.609
-5.656
-4.191
-4.191
-5.656
-8.097
-8.586
-7.609
-6.632
-6.144
-8.097
-11.027
-12.004
-9.562
-5.168
-0.285
2.157
2.645
2.645
3.133
4.11
4.598
3.133
1.18
0.692
2.645
4.598
5.086
3.133
-0.773
-3.703
-2.726
2.645
8.016
10.457
8.993
5.086
3.133
3.621
6.063
8.016
7.039
4.598
1.668
1.18
4.11
8.993
11.922
11.434
8.016
2.645
-0.773
-0.285
4.11
9.969
12.41
9.969
4.11
-1.75
-4.191
-1.75
2.645
6.551
7.528
5.086
1.668
-1.261
-1.75
-0.773
1.18
2.645
2.645
0.692
-1.75
-4.191
-5.656
-5.168
-4.191
-2.726
-1.75
-2.238
-3.703
-4.679
-4.679
-3.703
-2.238
-1.75
-1.75
-1.75
0.203
4.598
9.969
13.875
13.875
9.969
