4.496
1.567
-2.34
-3.316
-1.851
1.078
2.543
0.102
-3.316
-5.758
-5.269
-3.805
-2.828
-5.269
-8.199
-10.64
-10.64
-8.687
-6.246
-5.758
-6.734
-7.711
-8.199
-8.199
-6.734
-6.246
-5.269
-5.269
-5.269
-6.246
-7.711
-8.199
-7.711
-6.246
-5.269
-5.758
-7.222
-8.687
-10.152
-10.152
-8.687
-6.734
-5.269
-4.293
-3.805
-3.805
-4.293
-5.269
-5.269
-5.269
-4.781
-4.781
-4.781
-6.246
-8.199
-10.152
-12.594
-14.058
-14.547
-13.57
-11.129
-8.687
-7.711
-6.734
-8.199
-10.152
-12.594
-14.547
-16.5
-16.5
-15.523
-13.082
-9.176
-5.269
-2.828
-2.828
-3.805
-5.758
-7.222
-7.711
-7.222
-6.246
-5.269
-3.316
-1.363
0.102
1.078
1.078
-0.387
-1.363
-1.363
-0.387
0.59
0.59
0.102
0.59
3.031
6.449
10.356
11.82
11.332
8.891
7.426
7.426
7.426
6.449
4.008
1.078
0.59
4.008
8.891
12.309
11.332
5.961
0.59
-1.851
-0.875
3.031
5.473
5.473
3.52
2.055
2.055
4.008
5.961
6.449
4.985
2.543
1.078
0.59
0.102
0.59
0.59
0.59
0.59
0.102
-0.387
-0.875
-1.851
-1.851
-2.34
-2.34
-2.34
-2.828
-3.805
-4.293
-4.293
-3.805
-2.828
-2.34
-3.805
-6.734
-9.664
-10.152
-7.711
-3.316
0.59
1.078
-0.875
-4.781
-6.246
-4.781
-2.34
-0.875
-2.34
-4.781
-5.758
-4.293
-1.851
-0.387
-0.875
-2.828
-3.805
-1.851
1.567
4.008
4.008
2.055
-0.875
-2.34
-0.875
2.055
5.473
7.426
6.938
5.473
3.52
3.031
4.008
5.961
7.426
7.914
8.403
8.891
8.891
7.426
4.496
1.078
-0.387
-0.387
1.567
2.055
0.102
-2.828
-5.758
-5.269
-1.851
1.567
3.031
2.543
1.078
1.078
3.031
4.985
4.985
2.055
-1.363
-3.805
-3.316
-0.387
2.055
2.543
1.567
-0.387
-0.387
2.055
5.473
7.914
8.403
7.426
6.449
6.938
7.426
8.891
10.356
9.379
6.938
4.496
3.031
4.008
5.961
7.914
8.403
8.891
8.891
9.867
10.356
9.867
8.403
5.961
3.52
2.055
1.078
0.59
0.59
0.59
