-9.349
-10.325
-5.442
1.882
7.741
8.23
2.858
-3.001
-4.466
-1.536
3.347
5.3
3.835
1.394
0.417
2.858
5.3
4.812
1.882
-0.559
0.417
3.835
6.276
4.323
-1.536
-6.907
-8.372
-5.442
-2.024
-2.024
-4.466
-6.419
-3.001
3.835
10.183
10.671
4.812
-3.489
-9.349
-8.372
-3.001
3.347
6.765
6.765
4.323
0.905
-2.024
-4.954
-5.931
-5.442
-3.489
-0.559
2.858
4.323
4.812
3.835
2.858
1.394
-0.071
-2.024
-3.001
-2.024
0.417
4.812
6.765
6.276
3.347
0.417
-1.536
-2.024
-2.024
-1.536
-1.536
-0.559
3.347
8.23
12.136
12.624
9.206
2.858
-3.001
-5.442
-3.489
1.394
7.253
11.648
14.089
14.089
12.136
11.159
10.671
9.694
8.23
7.253
6.765
7.253
8.718
8.718
6.765
3.835
1.882
3.835
9.206
15.066
18.483
16.53
10.671
3.835
-0.071
0.905
5.3
11.648
16.042
15.554
9.694
2.37
-3.977
-6.419
-5.442
-2.024
1.882
4.812
7.253
7.253
5.3
1.882
-2.513
-5.442
-6.419
-4.466
-1.048
0.905
0.905
-2.024
-4.954
-6.419
-5.442
-2.024
0.417
0.905
-2.513
-6.907
-10.325
-10.813
-8.86
-6.907
-4.954
-4.954
-5.442
-6.907
-8.372
-10.813
-13.255
-13.743
-12.767
-9.349
-5.442
-2.513
-2.513
-4.954
-6.419
-5.931
-3.489
-0.559
-0.559
-2.513
-5.931
-6.907
-5.931
-2.513
0.417
1.394
-0.071
-1.048
-0.559
3.347
7.253
8.23
6.276
3.347
2.37
4.812
8.718
10.671
10.183
7.741
6.276
6.765
9.694
13.601
17.995
23.366
28.249
31.667
32.155
29.226
25.319
23.366
25.319
29.714
33.132
33.62
31.667
32.155
37.526
45.827
51.687
50.71
42.898
33.132
27.761
29.226
34.597
39.48
39.48
35.085
30.202
27.273
26.296
26.296
24.831
23.366
23.366
25.808
29.714
32.644
32.644
30.691
28.249
27.761
29.714
31.667
30.691
27.761
23.366
21.413
22.878
26.296
28.737
28.737
26.296
23.366
19.948
17.995
17.507
17.995
19.948
22.878
24.343
24.831
24.343
23.366
22.39
21.413
18.972
14.577
