7.599
8.087
7.599
6.134
3.204
1.74
2.716
5.157
8.087
9.064
7.111
4.669
3.693
6.134
10.04
13.458
13.947
12.482
11.017
10.529
11.017
11.505
11.017
10.04
9.552
10.529
11.505
11.505
10.04
8.087
6.134
5.646
6.134
7.111
9.064
10.529
11.017
10.529
8.575
6.622
4.669
3.204
2.716
2.228
1.251
0.763
0.763
2.716
5.646
8.087
9.064
9.064
7.599
6.622
5.646
4.669
3.204
0.763
-0.702
-1.678
-1.19
-0.214
0.275
0.275
-0.702
-1.678
-1.678
-2.655
-4.608
-7.538
-10.468
-11.932
-10.468
-6.073
-1.678
1.251
1.251
0.275
-0.702
-0.702
-0.702
-0.214
-0.214
-0.214
1.74
4.181
5.646
5.157
3.204
0.763
0.275
1.74
2.716
2.228
0.763
-0.702
-0.214
2.716
5.646
6.134
4.669
1.74
-0.702
-1.678
-1.678
-0.702
0.275
2.716
6.134
8.087
7.599
4.669
0.763
-1.19
-0.702
2.716
6.134
7.599
7.111
6.622
7.111
9.064
11.017
11.993
11.993
11.993
11.993
11.505
11.017
9.064
7.111
6.622
7.111
8.575
9.064
8.575
7.599
7.111
7.599
8.087
8.087
6.622
5.157
4.669
6.622
9.064
11.017
10.529
8.575
7.111
6.622
8.087
9.064
9.064
7.599
7.111
6.622
8.087
9.552
10.529
11.017
10.04
9.552
8.575
7.111
6.622
6.622
7.111
7.599
7.111
5.646
4.181
3.693
4.181
4.669
3.693
2.228
2.228
4.181
7.111
9.064
8.087
4.669
1.251
-1.19
-0.702
1.251
4.181
6.134
7.111
7.599
7.111
6.622
6.134
6.134
6.134
6.622
7.599
8.087
8.575
8.575
8.575
8.087
7.599
7.599
8.087
9.552
11.017
11.017
9.552
6.622
4.669
5.646
8.575
13.458
17.853
19.806
18.341
15.411
12.97
11.993
12.97
14.435
14.923
14.435
13.458
11.505
10.04
8.575
8.087
8.087
8.575
9.552
10.04
10.529
10.04
9.064
9.064
9.552
10.529
11.505
11.505
11.993
12.97
14.435
16.876
17.365
16.388
13.458
11.017
11.505
12.97
14.923
15.411
14.435
12.97
