-2.909
-2.421
-1.444
-0.956
-0.956
-1.933
-1.933
-0.956
0.02
1.973
2.95
3.438
3.927
4.415
3.927
2.95
1.485
0.509
1.485
2.95
3.927
2.462
-0.468
-2.909
-2.909
0.02
3.438
4.415
2.95
0.997
0.997
3.927
8.321
11.251
10.763
7.345
1.485
-2.909
-5.351
-4.862
-2.421
0.997
2.462
0.509
-3.398
-7.304
-8.28
-5.351
-0.468
2.462
1.973
-0.468
-3.398
-4.374
-3.886
-3.886
-5.839
-9.257
-10.234
-8.28
-3.886
0.509
0.997
-1.933
-5.351
-6.327
-4.862
-0.468
2.95
3.438
1.973
0.509
0.509
1.485
1.973
0.997
-1.444
-3.398
-3.886
-2.909
-2.421
-2.421
-2.909
-2.909
-2.421
-0.956
-0.468
-1.444
-3.886
-4.862
-4.862
-1.933
0.997
2.95
2.462
0.997
-0.956
-1.444
-2.421
-2.421
-3.398
-3.398
-1.933
0.997
3.927
5.391
3.927
1.973
1.485
2.462
3.927
4.415
2.95
0.997
0.509
0.509
0.997
0.509
0.509
0.02
0.509
1.973
3.927
5.88
6.856
6.368
3.927
1.973
0.02
-0.468
0.02
1.485
2.95
3.438
1.973
0.02
-1.444
-1.933
-1.444
-0.468
-0.956
-1.933
-2.909
-4.374
-4.862
-4.862
-4.862
-5.351
-5.351
-4.862
-3.886
-3.398
-4.374
-5.351
-6.327
-5.351
-4.374
-3.398
-4.374
-5.839
-7.304
-6.816
-4.862
-2.421
-1.444
-1.444
-1.933
-0.468
1.485
2.95
2.462
0.02
-3.398
-5.839
-5.839
-3.398
0.509
3.438
5.88
5.88
4.415
2.462
0.997
0.02
0.02
0.509
1.485
1.485
0.509
-0.956
-2.909
-3.398
-3.398
-2.421
-0.956
0.02
0.997
1.973
0.509
-0.956
-2.421
-2.909
-0.468
1.973
3.438
1.485
-0.956
-2.909
-2.909
-1.444
-0.956
-1.933
-4.374
-5.351
-2.909
0.997
4.415
5.391
3.438
-0.468
-3.886
-6.327
-6.816
-6.327
-5.839
-5.839
-7.304
-9.257
-11.698
-13.163
-13.163
-9.745
-5.351
-0.956
1.485
2.462
2.462
2.95
4.415
4.903
3.927
1.485
-0.468
-1.444
-0.956
-0.468
-0.956
-1.444
-0.956
1.485
4.903
6.368
5.391
1.485
-1.444
-1.933
