2.319
3.784
2.319
-1.099
-4.028
-4.517
-3.54
-2.563
-2.075
-1.587
-0.61
-0.61
-2.563
-6.47
-10.376
-11.841
-9.888
-6.47
-5.493
-7.446
-10.864
-12.329
-10.864
-8.423
-6.47
-5.981
-5.493
-4.028
-2.563
-2.075
-4.028
-6.958
-7.446
-5.981
-4.517
-5.981
-9.888
-15.259
-16.724
-13.794
-7.935
-3.052
-1.587
-2.075
-2.563
-2.075
-2.563
-3.54
-4.517
-4.517
-3.052
-3.052
-6.47
-12.817
-17.7
-18.188
-12.817
-5.005
-0.61
-1.099
-5.493
-9.399
-11.353
-11.353
-12.817
-16.235
-20.63
-22.583
-20.142
-14.282
-8.423
-4.517
-3.54
-4.028
-3.54
-2.563
-1.099
-2.563
-6.47
-11.841
-14.771
-14.282
-9.888
-3.052
2.319
5.249
5.249
3.296
1.343
0.366
0.366
-0.61
-2.563
-5.493
-5.981
-2.075
5.737
14.038
16.968
14.038
8.179
3.784
3.296
6.226
7.69
5.249
1.343
-0.61
1.343
7.202
11.597
12.085
8.179
3.784
1.343
1.343
3.296
4.272
5.249
7.202
9.644
10.62
9.155
4.272
-0.122
-2.563
-1.587
0.366
2.319
2.319
1.343
1.831
2.808
3.784
2.808
-0.122
-4.028
-6.47
-6.47
-4.028
-0.122
2.319
1.343
-1.587
-6.47
-8.423
-6.47
-2.075
0.366
-0.122
-5.493
-10.864
-14.282
-12.329
-6.958
-0.61
4.272
5.249
2.319
-3.052
-7.446
-9.399
-7.935
-4.517
-2.075
-1.587
-2.075
-1.587
-0.61
0.366
-0.61
-3.54
-5.981
-4.517
0.854
6.226
8.667
6.714
2.808
-1.099
-1.587
0.366
4.761
8.179
9.155
8.179
5.249
2.808
2.319
2.808
3.784
4.761
4.761
5.249
5.737
5.249
3.296
0.854
-1.099
-1.587
-1.099
-1.587
-3.052
-4.028
-4.028
-2.563
-1.587
-1.587
-2.075
-2.075
-1.099
1.343
2.808
2.319
0.854
-1.099
-2.563
-4.028
-5.005
-4.517
-1.587
1.343
3.296
2.319
-1.587
-5.005
-4.517
1.343
8.179
11.108
7.69
1.343
-3.54
-1.587
4.272
9.644
9.155
4.272
-1.587
-3.54
-0.61
3.784
5.737
5.249
4.761
5.737
9.155
11.108
10.132
6.226
2.319
-0.61
-1.099
-0.61
-1.587
-3.052
