-4.395
-5.859
-2.93
2.93
8.301
11.23
11.719
10.742
11.719
12.695
13.184
11.719
7.812
3.418
1.465
2.441
4.395
7.324
9.277
9.277
8.301
5.371
2.441
1.465
3.418
8.301
13.184
14.16
10.742
4.395
0
0.977
4.883
8.301
7.324
2.93
-1.953
-2.441
0
2.93
2.93
-0.488
-3.418
-3.418
0
3.418
4.395
1.953
-1.953
-4.883
-5.371
-5.371
-5.859
-6.348
-5.859
-3.906
-0.488
2.93
3.418
2.93
2.441
2.93
3.418
2.93
0
-2.93
-4.395
-3.906
-1.465
-0.488
-0.977
-2.441
-3.418
-2.441
0.977
3.418
4.883
3.906
2.93
2.441
2.93
3.906
4.395
3.418
1.465
-0.488
-1.465
-2.93
-3.418
-3.906
-2.441
0.488
2.441
1.465
-1.953
-6.348
-7.812
-4.395
0.977
4.395
3.906
-0.488
-4.883
-6.836
-4.883
-1.953
-1.953
-5.371
-11.23
-15.625
-15.625
-10.254
-1.953
5.859
10.254
9.766
5.859
0.977
-2.441
-1.953
0.977
3.906
3.906
0.977
-2.441
-3.418
-1.465
1.465
2.93
-0.488
-6.348
-11.23
-11.23
-6.348
-1.465
0.488
-1.953
-7.324
-12.695
-15.625
-15.625
-14.16
-14.16
-14.16
-14.16
-13.184
-11.23
-8.301
-5.859
-5.371
-6.836
-10.254
-13.184
-13.672
-11.23
-8.301
-6.348
-6.836
-8.301
-10.742
-11.23
-11.23
-9.766
-8.301
-6.836
-3.906
-0.488
2.441
3.418
1.953
0
-1.465
0
1.465
1.953
0
-4.395
-8.301
-8.789
-5.859
-1.953
1.465
2.441
2.441
2.441
3.906
5.859
6.836
6.836
7.812
10.742
16.113
21.973
25.879
28.32
30.762
36.621
43.945
51.27
55.664
55.664
53.223
51.758
52.246
55.664
58.594
61.523
63.477
64.453
63.965
61.035
56.641
52.246
50.293
50.781
52.246
52.246
49.316
45.898
42.48
41.016
40.039
38.574
35.645
33.203
32.227
32.227
31.25
27.832
22.949
20.02
20.508
24.902
28.809
28.809
23.926
16.602
11.23
10.742
15.137
20.996
22.949
21.484
17.09
13.672
13.184
14.648
16.113
14.648
11.719
7.812
5.859
5.859
6.836
8.301
9.277
