0.285
-0.203
0.285
2.726
4.679
5.656
5.656
5.656
4.191
1.75
-1.668
-4.598
-5.575
-1.668
5.168
11.515
13.957
9.562
1.261
-7.039
-8.993
-4.11
5.656
14.445
18.351
16.398
11.515
6.632
3.215
0.773
0.285
1.261
4.679
10.05
15.422
18.351
18.84
15.91
12.492
9.562
8.097
8.097
9.074
11.027
13.957
15.91
15.422
11.515
6.632
3.215
3.703
7.609
12.492
14.933
13.957
11.027
8.586
7.609
8.097
7.121
5.656
3.703
2.726
3.215
4.679
4.679
4.191
3.703
4.191
6.632
9.562
10.539
9.562
7.121
5.656
5.168
5.168
5.168
4.679
3.703
3.215
2.726
2.726
2.726
3.703
6.144
10.05
14.445
18.351
19.328
18.351
15.91
13.468
12.492
12.98
13.468
13.957
13.957
13.957
15.422
18.351
21.769
22.746
19.816
13.468
7.121
4.191
5.656
10.539
15.422
17.863
17.375
14.933
11.027
7.121
4.191
3.215
4.191
8.586
12.492
14.933
14.445
11.515
7.609
4.191
3.703
3.703
5.656
7.609
9.074
9.562
8.097
5.656
3.703
2.238
1.75
1.75
2.726
3.215
3.703
3.215
3.215
2.726
4.191
6.144
8.097
9.074
8.586
6.144
4.191
2.726
2.238
2.726
3.703
4.679
5.656
6.632
7.121
6.632
5.656
4.191
4.191
5.168
7.121
8.097
7.121
4.679
3.215
3.215
6.144
10.05
12.004
11.027
7.609
5.168
5.168
8.097
11.027
12.004
11.515
11.027
10.539
11.515
12.492
13.468
14.933
17.375
19.816
23.722
27.629
32.511
39.347
48.625
59.855
70.597
79.386
86.222
93.547
102.824
114.054
124.797
132.121
134.562
134.074
132.121
131.632
133.586
137.004
139.933
139.933
137.004
133.097
128.215
123.82
118.937
113.078
105.754
97.941
91.593
87.687
86.222
85.734
83.781
80.363
73.527
66.691
60.343
56.925
55.461
53.996
51.554
46.183
41.3
38.371
38.371
39.836
40.324
38.371
35.441
33.488
33
34.953
35.441
33.976
30.558
26.652
24.699
25.187
26.164
27.14
25.675
22.746
21.281
20.793
20.793
20.304
