-5.208
-1.79
4.557
8.464
7.975
4.557
2.116
1.628
3.092
3.581
0.651
-2.767
-2.767
2.116
8.464
10.905
7.487
0.163
-5.697
-6.185
-2.767
1.139
3.581
5.046
8.952
12.858
14.323
9.44
-0.326
-9.603
-11.556
-5.208
6.022
14.811
18.229
17.253
14.811
13.835
12.37
9.44
5.046
2.116
4.069
10.905
18.717
22.624
20.182
12.858
5.534
3.581
6.51
11.882
15.299
14.323
11.393
9.44
10.417
12.858
13.346
10.417
6.022
3.092
4.069
6.51
8.464
8.464
5.534
3.581
4.069
6.022
8.464
9.928
10.417
11.393
11.882
11.393
8.952
6.022
3.581
2.604
3.092
3.581
3.581
3.581
3.581
4.557
6.999
11.393
17.741
22.624
25.553
23.6
18.229
12.37
8.464
7.487
8.464
10.417
11.393
14.323
19.206
23.6
25.065
19.206
9.44
0.651
-1.79
3.581
12.858
19.694
21.647
17.741
12.37
6.51
3.092
0.651
1.139
4.557
10.417
15.788
19.206
17.253
11.882
5.046
-0.814
-1.302
2.604
9.44
15.788
17.253
13.346
6.022
-0.814
-3.255
-0.814
3.581
6.999
7.487
6.51
4.557
2.604
2.116
2.604
5.046
6.51
7.487
7.487
6.999
6.51
6.022
5.534
4.557
3.581
3.092
4.069
6.022
6.51
5.046
2.604
1.139
3.092
7.487
12.858
15.299
12.37
5.534
-1.302
-4.232
-0.814
6.51
12.858
14.323
10.905
5.534
4.069
6.51
10.417
11.882
9.44
6.51
7.487
11.393
15.299
15.788
12.858
8.952
8.952
12.858
18.229
22.624
25.553
29.948
37.76
48.991
61.198
70.964
78.288
84.147
90.983
99.772
109.049
116.862
121.257
121.745
118.815
116.374
117.35
122.721
130.046
133.464
128.092
116.374
104.655
99.284
100.26
102.702
100.26
91.96
82.194
76.823
77.311
78.776
76.335
67.057
56.315
49.967
48.991
51.432
51.921
48.991
43.62
39.225
38.249
38.249
36.784
32.389
26.53
21.647
21.159
24.577
29.948
35.807
39.225
38.737
34.831
27.995
21.647
17.741
17.741
19.694
19.694
17.741
15.788
17.253
21.647
27.507
