-6.744
-5.28
-1.373
3.51
5.463
4.486
1.068
-2.35
-4.303
-2.838
-0.397
3.021
4.974
6.439
6.927
5.951
3.998
1.556
-0.397
-0.397
0.58
1.556
1.556
0.092
-1.862
-3.326
-3.815
-3.815
-4.303
-4.303
-3.326
-0.885
2.045
3.51
3.021
0.58
-1.862
-3.326
-4.303
-3.815
-2.35
0.092
2.533
3.998
3.021
-0.885
-4.791
-6.744
-5.768
-3.326
-0.885
0.58
1.068
1.556
2.533
2.533
2.045
0.092
-1.862
-2.838
-2.35
-0.885
0.58
2.533
3.51
3.998
3.51
1.556
0.092
-1.373
-1.373
-0.397
1.556
3.998
4.974
4.974
4.974
3.998
3.021
2.533
1.556
1.068
1.556
3.51
6.439
9.369
11.322
11.81
11.322
10.345
9.369
8.392
7.904
7.904
7.904
8.392
8.392
8.392
7.416
6.439
6.439
7.416
9.369
11.81
13.763
13.763
12.299
9.857
8.392
8.392
9.369
10.345
9.369
6.927
3.998
1.556
1.068
1.068
2.045
2.533
2.533
3.51
4.486
4.974
4.486
2.533
0.092
-1.862
-2.35
-0.885
0.092
0.58
-0.397
-1.373
-2.35
-2.35
-3.326
-4.303
-5.768
-6.744
-6.256
-5.28
-4.791
-5.28
-6.256
-7.233
-6.744
-5.768
-5.28
-5.768
-7.233
-10.162
-12.604
-13.092
-12.604
-9.674
-6.256
-3.326
-0.885
-0.397
-1.862
-3.815
-5.28
-4.791
-3.815
-2.35
-2.35
-2.838
-3.326
-2.838
-1.373
1.068
3.021
3.021
1.556
1.068
1.556
3.998
6.439
7.904
7.904
5.951
4.974
5.463
7.416
9.369
10.834
10.834
10.834
12.299
14.74
19.135
23.041
25.97
26.947
26.459
25.97
26.947
29.877
33.783
36.713
37.201
36.713
37.201
40.131
44.525
47.455
45.99
40.619
34.76
31.83
33.783
37.689
40.131
38.666
34.271
29.877
28.412
29.388
30.853
30.853
30.365
30.365
30.853
32.806
33.783
32.806
30.853
29.388
28.9
30.365
31.83
31.342
28.9
26.947
25.97
26.947
28.9
28.9
27.435
24.994
23.041
22.064
21.576
21.088
20.111
20.111
21.088
22.552
23.041
22.064
19.623
17.67
17.181
17.67
18.646
