2.858
2.37
1.394
-0.559
-1.536
-0.559
3.347
9.206
14.089
14.577
10.183
3.347
-3.001
-5.442
-3.489
0.417
4.323
6.276
6.765
5.3
3.835
3.347
2.858
1.882
0.417
-1.048
-0.071
3.347
7.253
9.694
8.23
2.858
-2.513
-5.931
-5.931
-3.001
0.417
2.858
4.812
6.765
9.694
13.112
14.089
12.136
7.741
3.347
0.905
0.905
2.858
4.812
6.765
7.253
6.276
3.347
-1.536
-5.931
-6.907
-3.489
2.37
7.253
6.765
1.882
-4.466
-8.372
-6.907
-1.536
5.3
8.718
9.206
7.253
4.323
1.882
1.394
2.37
3.835
4.323
3.835
2.37
1.394
1.882
4.323
6.765
8.23
7.253
4.812
2.37
2.37
4.323
6.765
8.718
9.694
11.648
14.089
16.53
16.53
12.624
6.765
2.37
2.858
6.276
9.206
8.23
3.835
0.417
1.882
9.206
17.507
21.413
19.46
12.624
6.276
4.812
7.253
10.183
10.183
6.276
2.37
2.37
7.253
16.042
22.878
24.831
20.437
13.601
8.718
7.741
10.183
14.089
17.019
17.995
18.483
19.948
20.437
19.948
17.507
12.624
9.694
10.183
14.089
18.972
20.925
18.483
14.089
11.159
11.648
14.577
16.53
15.554
13.112
11.648
13.601
17.995
19.948
17.995
13.112
8.23
8.23
12.136
17.019
18.483
16.042
11.648
9.694
11.159
14.577
17.507
15.554
11.159
6.276
4.812
7.253
12.624
17.507
18.483
16.53
12.624
9.206
6.765
5.788
5.788
5.3
5.3
6.276
9.206
13.112
16.042
17.019
15.066
12.136
8.23
5.3
5.3
7.253
10.671
13.601
15.066
15.066
15.066
16.53
18.972
21.901
22.878
22.878
23.855
27.761
34.597
42.409
49.245
54.616
57.058
59.987
64.382
71.706
81.96
93.191
101.491
103.933
99.538
91.237
84.401
83.913
90.749
98.073
100.026
94.167
82.937
73.171
68.288
67.312
65.847
62.429
58.523
59.011
65.358
73.171
76.101
69.753
57.058
44.851
38.015
38.015
39.968
39.48
37.038
36.062
39.48
46.804
52.175
51.687
43.874
33.132
25.319
23.855
27.273
32.644
35.085
