4.862
6.816
8.28
6.816
3.398
0.956
2.421
6.327
9.745
10.234
7.792
3.886
1.933
3.398
6.327
9.745
12.187
13.163
13.163
12.675
12.187
11.698
10.722
9.745
8.28
6.816
6.816
7.792
9.745
11.698
11.698
9.257
5.351
2.421
2.909
7.304
12.675
16.093
15.116
10.234
5.351
0.468
-2.462
-4.903
-6.856
-7.345
-3.927
2.909
11.698
17.558
18.046
14.14
7.792
2.909
-0.509
-2.462
-4.415
-5.391
-5.88
-2.462
2.909
8.28
9.257
5.839
-1.485
-7.833
-9.786
-8.321
-5.88
-6.368
-9.786
-12.716
-13.204
-9.298
-3.438
0.956
1.933
-0.02
-3.438
-5.88
-5.88
-3.438
0.468
3.886
5.839
5.351
4.374
4.374
5.351
5.839
3.886
-0.02
-4.415
-6.368
-4.415
-0.02
3.398
4.374
2.909
0.956
0.956
1.933
2.909
1.444
-1.485
-0.997
3.398
9.745
14.628
12.675
5.351
-3.438
-7.833
-4.415
3.886
10.722
13.652
12.187
10.234
8.769
9.257
9.257
8.28
6.816
7.792
11.21
15.605
16.581
14.14
8.769
3.886
1.444
1.444
2.421
3.886
5.839
8.28
10.722
11.21
9.745
6.327
3.886
2.421
3.886
4.374
4.374
2.909
2.421
4.862
7.792
11.21
12.675
11.698
9.257
7.792
6.816
5.351
2.421
0.956
1.933
6.327
12.187
16.093
14.14
8.769
4.374
4.374
7.304
9.745
8.28
3.398
-1.973
-3.438
-0.997
3.886
8.769
10.722
10.234
8.769
5.839
3.886
1.444
-0.509
-2.462
-3.927
-3.438
-1.485
1.933
5.351
8.769
9.745
9.257
6.327
2.909
0.468
0.468
3.398
6.327
7.304
5.839
2.909
2.421
4.374
8.28
9.745
7.792
3.398
-0.509
-0.997
1.444
4.374
6.327
7.792
10.234
15.116
18.534
19.023
15.605
10.722
6.816
6.327
7.304
8.28
7.792
6.816
8.28
11.21
14.14
12.675
7.304
0.468
-2.462
0.468
6.327
11.21
10.722
7.304
4.374
4.374
6.816
8.28
8.28
6.816
8.28
12.675
18.534
21.952
19.999
15.605
11.698
10.722
12.675
13.652
12.187
10.234
10.234
