6.124
6.612
4.659
2.706
1.241
2.218
4.659
7.589
10.03
10.03
7.1
3.682
0.753
0.264
1.241
2.706
2.706
2.218
2.706
5.147
8.077
10.03
9.542
7.589
5.636
6.124
7.1
7.1
5.636
3.194
2.706
4.171
7.1
10.03
11.495
11.495
9.542
7.589
4.659
1.729
-0.224
0.264
4.659
10.03
14.425
15.401
11.983
5.147
-2.177
-7.06
-7.548
-3.642
2.706
8.077
10.518
8.565
2.706
-4.13
-9.501
-11.454
-8.525
-2.177
5.636
11.495
12.96
9.054
2.218
-3.153
-4.618
-1.689
1.729
3.194
2.218
0.753
0.753
2.706
4.171
4.171
1.241
-2.177
-4.13
-3.153
0.264
4.171
7.589
8.565
6.612
1.241
-5.107
-10.478
-11.454
-8.525
-3.153
0.753
2.706
1.729
0.753
-0.224
-0.712
-0.712
-0.224
1.241
4.171
8.077
11.007
12.472
11.983
9.542
7.1
5.147
4.171
4.659
6.124
6.124
5.147
3.194
1.241
1.729
3.194
5.636
6.124
5.636
3.682
2.706
1.729
0.753
-0.224
-1.2
-1.689
-0.712
-0.712
-1.2
-3.153
-5.107
-6.083
-5.595
-4.618
-3.642
-3.642
-4.13
-4.13
-5.595
-7.548
-9.989
-10.966
-10.966
-10.478
-10.478
-10.478
-10.966
-9.989
-8.036
-6.083
-4.618
-3.153
-1.689
-0.712
-1.689
-4.13
-7.06
-8.036
-6.083
-3.642
-2.665
-4.618
-8.525
-9.501
-6.571
0.264
5.147
6.124
4.171
1.241
1.241
2.218
1.241
-2.665
-7.06
-9.013
-5.595
0.753
7.1
10.03
8.565
5.147
1.241
-1.2
-4.13
-6.571
-7.06
-4.618
2.218
10.518
14.913
12.96
4.659
-3.642
-7.06
-4.618
0.264
3.682
4.171
3.194
3.682
5.147
6.612
6.612
7.1
11.007
16.866
20.772
17.843
7.589
-4.13
-9.013
-3.153
9.054
19.796
23.214
20.284
16.378
17.843
24.19
30.538
32.979
30.538
28.097
29.561
37.862
49.581
59.835
64.718
62.764
57.882
50.557
44.21
40.792
40.304
41.28
41.768
42.257
41.28
40.304
38.839
36.886
33.468
29.073
25.655
26.143
30.538
36.886
40.792
38.35
31.514
23.214
19.307
