5.859
2.93
1.465
3.418
5.371
5.859
3.418
1.465
2.93
9.766
17.09
19.531
14.16
5.371
-1.465
-2.441
0.977
4.395
5.859
6.348
8.789
13.184
15.625
13.672
7.324
2.441
1.465
5.371
8.301
7.324
2.93
-0.977
-0.977
2.441
5.371
6.836
6.348
4.883
4.395
2.441
-1.465
-6.348
-8.789
-6.836
-0.488
6.348
9.766
8.301
2.441
-3.418
-7.324
-9.277
-8.789
-8.301
-5.859
-0.977
5.371
11.23
11.719
6.836
-0.488
-5.859
-7.324
-5.371
-2.441
0.977
4.395
6.348
6.348
2.441
-4.395
-9.766
-10.254
-5.859
0
3.906
4.395
5.859
8.789
12.695
12.695
6.348
-3.418
-9.766
-7.324
1.465
8.789
9.277
2.93
-2.93
-3.906
0.977
5.371
3.418
-4.395
-11.719
-11.719
-3.418
7.812
13.672
11.719
2.93
-4.395
-7.812
-7.812
-8.789
-12.695
-17.09
-18.066
-14.16
-6.836
-0.977
1.465
0.977
-0.977
-1.465
-2.441
-3.418
-2.93
0
5.371
10.742
11.23
5.371
-2.93
-10.254
-11.719
-7.324
-2.441
0.977
0.977
-0.977
-2.441
-3.906
-6.348
-10.742
-14.16
-14.648
-12.207
-8.789
-6.348
-6.348
-8.301
-10.742
-12.207
-12.207
-10.742
-6.836
-1.465
1.465
0
-6.348
-13.184
-16.113
-12.695
-6.348
-1.465
-1.465
-5.371
-9.766
-12.207
-11.719
-8.301
-3.418
2.441
7.324
8.301
5.859
1.465
-1.465
0
2.93
3.418
0.488
-5.371
-9.277
-10.254
-6.836
-2.441
0.977
1.953
1.953
2.93
5.371
7.324
7.324
4.883
1.953
1.465
5.371
12.207
17.578
19.043
18.066
17.578
23.438
35.156
47.852
56.152
56.641
49.805
42.48
40.527
46.387
57.617
69.336
77.148
78.613
74.219
66.895
60.059
55.664
54.199
54.199
53.711
50.781
46.875
42.48
39.551
38.086
38.086
37.598
37.109
37.109
38.574
40.527
40.527
36.133
26.367
16.113
11.23
16.113
27.832
38.574
40.527
32.227
19.531
11.719
11.719
18.555
23.926
22.461
15.137
8.789
9.277
16.602
25.391
27.344
21.973
11.719
4.395
1.953
4.395
8.301
10.254
11.719
