2.126
1.638
1.638
2.126
3.103
4.079
5.544
7.009
8.474
8.474
6.521
4.079
1.149
0.661
2.126
4.567
7.009
7.497
5.544
3.591
2.614
2.614
3.103
2.614
0.661
-1.78
-2.268
-0.315
4.079
7.009
7.009
4.079
-0.804
-5.198
-6.663
-6.175
-3.245
1.149
5.544
9.45
11.892
11.403
9.45
6.032
3.103
1.149
1.638
2.126
2.614
3.591
4.079
5.056
5.056
3.103
-0.804
-4.71
-6.663
-5.198
0.173
5.544
7.497
5.056
-0.804
-4.71
-4.222
0.173
6.032
9.45
8.962
5.544
2.614
1.638
2.614
4.567
5.544
5.056
4.079
2.126
1.149
1.638
3.103
4.567
5.544
4.079
2.614
1.638
3.591
7.009
9.939
9.939
8.474
6.521
6.521
8.962
12.38
13.357
11.892
8.474
5.544
5.544
7.497
9.939
10.915
10.427
8.474
7.985
8.474
10.427
11.403
10.915
9.939
8.962
9.939
12.38
13.845
12.868
10.427
7.497
7.009
8.962
12.38
15.31
16.774
17.263
17.263
16.774
16.774
15.798
15.798
15.798
16.286
17.263
17.751
18.239
18.239
18.239
16.774
15.798
15.31
15.798
16.774
16.774
15.798
14.821
14.333
15.798
17.263
17.751
16.286
14.333
13.845
14.821
16.286
16.774
15.31
12.868
11.892
13.357
15.798
17.263
16.286
13.845
12.38
13.357
15.798
17.751
17.751
15.31
10.915
8.474
7.985
9.939
12.868
14.821
15.798
14.821
13.357
11.403
9.939
9.45
9.939
9.45
8.962
8.474
9.45
11.403
14.333
16.774
16.774
13.845
9.939
6.521
6.032
7.985
10.427
12.38
12.868
13.357
15.798
19.216
23.61
27.028
28.005
28.493
30.446
35.329
43.142
51.931
60.232
66.579
71.95
76.345
80.739
85.622
91.482
97.341
101.735
104.177
103.689
101.735
99.782
98.317
96.364
93.923
90.017
86.11
84.157
82.692
81.716
79.274
76.345
72.927
69.997
68.532
66.579
65.603
63.649
61.696
58.767
55.837
50.954
46.56
43.63
43.63
45.583
47.536
48.513
46.56
43.142
40.7
39.235
39.235
39.724
39.235
38.259
36.306
