1.973
0.509
-3.886
-7.304
-8.28
-6.327
-1.933
2.462
3.438
1.485
-1.933
-3.398
-2.421
0.997
2.95
3.438
1.485
0.02
0.997
2.462
2.95
0.997
-3.398
-6.816
-6.327
-1.933
3.438
5.88
4.415
1.485
-0.468
1.973
6.368
8.809
7.833
2.95
-2.421
-3.886
-1.933
2.462
6.368
5.391
0.997
-5.839
-10.722
-12.187
-9.745
-4.374
0.997
4.415
5.391
4.903
2.462
0.509
-1.933
-4.862
-8.28
-10.234
-9.745
-6.327
-2.421
0.02
0.02
-1.444
-2.421
-0.956
1.973
4.903
5.391
3.927
0.997
-0.956
-1.444
-0.956
-0.956
-1.933
-1.444
0.997
4.903
7.833
6.856
2.95
-2.909
-8.28
-9.745
-6.816
-3.398
-1.933
-2.909
-5.351
-5.839
-2.421
2.95
6.856
7.345
3.927
-0.956
-4.374
-5.351
-4.862
-4.374
-3.398
-2.421
0.509
4.903
8.321
8.321
4.903
0.509
-2.421
-2.909
0.02
3.927
6.368
5.88
1.485
-3.398
-6.816
-6.816
-3.886
0.997
4.903
7.833
8.809
8.809
7.345
4.415
0.02
-3.886
-6.327
-4.862
-0.468
5.391
8.809
8.321
4.415
-0.956
-4.862
-7.792
-8.769
-9.745
-9.745
-6.816
-1.933
3.927
7.345
5.391
-1.444
-9.745
-14.628
-14.628
-11.698
-8.28
-6.816
-4.862
-2.909
-0.468
0.02
-2.909
-8.769
-14.628
-15.116
-10.234
-2.909
1.973
1.485
-3.398
-7.304
-6.327
0.997
7.833
9.786
4.903
-3.886
-10.722
-12.187
-8.769
-3.886
-0.468
0.997
3.438
6.856
9.786
9.786
4.415
-4.374
-11.698
-14.14
-10.722
-5.351
-0.956
0.997
0.997
0.997
1.485
1.973
0.509
-2.421
-6.816
-9.745
-9.257
-6.327
-1.933
1.485
3.927
3.927
2.95
1.485
-0.468
-2.909
-6.327
-8.769
-11.21
-10.722
-7.304
-2.421
1.485
1.973
0.509
-2.909
-5.351
-6.327
-5.839
-4.862
-4.374
-4.862
-6.816
-11.698
-17.558
-21.464
-19.999
-12.187
-1.933
5.391
6.856
3.438
0.509
0.509
2.95
3.927
0.997
-3.886
-5.351
-1.444
4.903
7.345
3.438
-4.862
-9.745
-6.816
0.997
6.856
6.856
1.973
-3.398
-2.909
