6.785
6.785
7.273
7.273
6.785
4.832
1.902
0.926
2.391
5.809
8.25
8.738
6.785
2.879
-0.051
-1.027
-0.539
1.414
3.855
5.32
5.32
4.832
3.855
4.344
5.809
8.25
9.715
9.715
7.762
4.344
1.414
0.926
1.902
3.367
3.367
2.879
2.879
2.879
3.367
3.855
3.367
2.879
3.367
4.832
6.785
6.785
4.832
0.926
-3.469
-6.399
-7.375
-5.91
-3.469
-0.051
2.391
2.391
-1.027
-7.375
-13.234
-15.188
-12.746
-6.887
-1.516
1.902
2.391
0.926
-0.051
-1.027
-2.492
-3.957
-5.422
-5.91
-4.934
-3.957
-2.492
-1.516
-1.516
-1.516
-1.516
-2.492
-3.957
-5.422
-5.422
-3.957
-0.539
2.879
4.344
2.391
-2.981
-9.328
-13.723
-14.211
-11.281
-6.887
-2.004
0.926
1.902
1.902
1.902
1.902
2.879
4.344
5.809
7.273
8.25
9.226
10.203
10.203
9.226
7.273
3.855
1.902
0.926
2.391
4.344
6.297
7.273
7.273
5.809
3.855
1.902
0.926
0.437
0.926
0.926
0.437
-1.027
-2.004
-2.004
-1.516
-2.004
-3.469
-5.422
-6.887
-5.91
-3.469
-2.004
-1.027
-2.004
-2.981
-3.469
-3.957
-5.422
-7.863
-9.816
-10.793
-11.281
-10.305
-8.84
-6.399
-4.445
-2.981
-2.981
-4.445
-6.887
-8.352
-8.84
-8.352
-6.887
-4.934
-2.492
-0.539
1.414
0.437
-2.981
-7.375
-11.77
-12.258
-8.352
-2.004
3.855
6.785
5.809
2.879
-0.539
-1.516
-0.539
-0.051
-0.051
-2.004
-2.492
-2.004
0.437
3.855
5.32
5.32
2.879
-0.051
-1.516
-1.027
0.437
2.879
4.832
5.32
4.344
2.391
0.926
-0.539
0.437
1.902
3.855
5.32
4.832
3.855
2.879
3.855
6.785
10.691
14.109
15.574
15.086
11.668
6.785
2.879
0.926
1.902
6.297
13.133
18.992
22.41
23.387
24.363
27.293
31.687
36.57
39.012
40.476
40.965
44.871
50.242
56.59
59.519
58.543
54.637
51.219
48.777
49.266
49.754
48.777
46.336
42.918
40.965
39.5
38.035
35.594
33.152
31.687
33.152
35.594
37.547
37.059
33.152
29.246
26.316
26.316
28.269
