-4.476
-3.499
-1.058
1.383
3.337
2.848
2.36
2.848
4.801
7.731
8.708
7.731
3.825
-0.57
-3.011
-2.035
1.383
5.29
5.778
3.825
-0.57
-4.476
-5.452
-3.988
-2.035
-2.035
-3.499
-5.941
-6.429
-3.011
3.825
10.661
14.079
12.614
8.219
3.337
0.895
1.383
4.801
7.731
9.196
9.196
8.708
9.196
11.149
13.59
13.59
11.149
5.778
1.383
1.872
7.731
13.59
15.055
9.196
-0.081
-5.941
-3.011
5.29
12.126
12.126
6.266
-0.57
-2.523
0.407
5.29
8.219
7.731
7.731
9.196
11.149
12.614
10.661
6.266
2.848
2.848
6.755
11.637
15.055
16.032
15.544
14.567
13.59
13.102
11.149
10.173
10.661
13.102
17.008
19.938
20.915
19.45
17.497
15.544
14.079
13.59
13.59
14.567
16.52
18.473
19.938
20.426
20.426
20.426
20.426
20.426
20.915
20.426
19.938
18.473
16.032
13.59
11.637
11.637
13.59
16.52
18.473
18.962
16.52
13.102
9.196
7.243
7.731
9.684
12.614
14.567
15.055
14.567
14.567
14.079
13.59
10.661
5.29
-1.546
-6.429
-7.406
-5.452
-1.546
1.383
2.36
1.872
1.383
1.872
2.848
3.337
2.848
0.895
-1.058
-2.523
-3.011
-1.546
1.383
5.778
10.173
11.637
9.684
4.801
-0.081
-2.523
-1.546
0.895
1.872
1.872
1.383
1.872
4.801
7.243
8.219
8.219
8.708
10.173
11.149
10.661
7.731
3.825
1.383
1.383
2.36
2.848
2.36
0.895
0.407
0.895
1.383
3.337
5.29
7.731
10.173
10.173
8.708
5.778
4.801
5.29
7.731
9.196
8.219
5.778
2.36
0.895
1.383
2.848
3.825
4.801
5.778
5.778
5.29
4.313
3.337
2.848
4.801
6.266
6.755
5.778
4.801
5.29
8.219
11.637
12.614
10.661
6.755
3.825
3.337
4.801
6.755
7.243
6.755
5.29
3.825
2.848
2.848
0.895
-1.546
-5.452
-7.406
-6.429
-2.035
5.29
11.637
14.079
12.126
7.243
1.872
0.407
2.36
6.755
9.684
8.219
2.848
-2.523
-4.476
-0.57
5.778
10.173
9.684
5.778
2.36
