-3.55
-5.015
-5.503
-3.55
-0.621
1.821
2.309
0.844
0.844
3.286
7.68
10.122
9.145
5.239
0.844
-0.621
2.309
6.215
7.192
4.262
-1.109
-5.503
-6.48
-4.038
-0.132
1.821
1.821
0.356
-0.132
1.821
4.262
6.704
7.192
5.727
4.262
3.774
4.751
6.704
8.169
8.169
7.68
7.68
8.657
11.098
13.54
14.516
13.54
11.098
8.657
7.68
8.169
9.145
8.657
6.704
3.286
1.333
0.356
1.333
2.309
1.821
0.356
-0.621
-0.132
2.309
5.239
7.192
6.704
5.239
4.262
4.751
5.727
7.192
7.192
4.751
2.797
2.309
4.751
9.145
13.051
14.516
13.54
10.61
8.657
10.122
13.051
15.493
16.469
14.028
11.587
10.122
11.098
13.54
15.981
16.469
15.004
12.563
10.61
10.61
12.075
15.004
17.446
18.911
19.399
19.399
20.376
22.329
23.305
23.794
22.817
20.864
19.399
18.422
17.446
15.981
14.028
12.075
12.075
13.54
14.516
14.516
13.54
12.075
12.563
14.028
15.981
15.981
15.004
13.051
13.051
13.051
13.54
12.075
8.169
3.286
0.356
-0.621
0.844
0.844
0.356
-0.621
-0.132
1.821
4.751
6.704
6.704
4.262
0.844
-0.621
0.356
2.797
4.751
5.239
5.239
4.751
5.239
5.727
5.727
4.751
2.797
0.356
-1.109
-1.109
-0.132
2.309
4.751
6.704
6.704
6.704
6.704
7.68
9.145
10.122
10.122
8.169
5.727
2.797
1.821
0.844
0.844
1.333
1.333
2.309
3.286
4.751
5.239
6.215
7.192
8.169
8.169
7.68
6.704
6.704
7.192
8.169
8.657
7.192
4.751
2.797
2.309
2.797
2.797
3.774
5.727
7.68
9.145
9.145
7.192
5.239
4.751
6.704
8.657
9.633
9.145
7.68
7.192
7.68
8.169
8.657
8.169
7.68
7.68
7.192
6.704
6.215
5.239
4.262
3.774
4.751
6.704
8.169
8.657
6.704
2.309
-1.109
-3.062
-1.597
2.309
7.192
10.122
11.098
10.122
8.657
7.68
7.192
6.704
6.704
5.727
4.751
3.774
4.751
6.215
6.215
4.751
1.333
-1.109
0.356
